5.093454846099008115e+00 3.096804898326890765e+00 1.661375394729411203e+00
2.425671647498914396e+00 9.432323576973784540e-01 3.130620748451475421e+00
3.381224182835419256e+00 3.843423724838315181e+00 9.490811448651053084e+00
2.750864862017396106e+00 2.765131583766029966e+00 8.911661230065631045e+00
-1.852249858999903687e-01 3.697316525532019948e+00 3.703595607049056659e-01
4.976912782366779808e+00 3.537273736973382654e+00 2.889607595357269965e+00
1.687197994056290673e+00 6.313301445151801694e+00 -1.349161864483258588e+00
2.670538058464056341e+00 2.158942132583773876e+00 1.138245275701285664e+01
3.310746486219636964e+00 1.449950672228841775e+00 4.917769103840839762e+00
3.347188460195759774e+00 2.591471254087440279e+00 7.615745421752261990e+00
2.516275259688769861e+00 1.908005110662346127e+00 7.188734872827113875e+00
1.137738024676251403e+00 4.553422714926758097e+00 2.613767512401689697e+00
2.054528199596337146e+00 4.369951867170160043e+00 2.506814476106483447e+00
1.833871037551570993e-01 -6.667201788492889136e-01 -1.652196019572162777e+00
1.266726227124114645e+00 4.078001289008740926e+00 3.371774781707829405e+00
2.102569443145506867e+00 1.994551641107160656e+00 6.481031288127477197e+00
4.913980442065422949e+00 3.040916424484872316e+00 2.019964859659631351e+00
1.139436146661913840e+00 6.303525211633487224e-01 -2.375008999764312012e+00
3.747781114934887192e+00 4.601811105724674000e+00 1.461787799124336207e+00
9.793247334768593326e-01 1.795472670732999099e+00 -1.666079473185515969e+00
5.105697352761073837e+00 2.784878520106884192e+00 -1.367590141617932353e+00
2.283611121266836186e+00 3.810720520259330613e+00 8.909038178648549078e+00
3.367865132026493846e+00 6.041839927153397127e+00 4.570173155690502309e-01
1.456226181307877843e+00 6.267878273711853687e+00 2.221684086046396001e+00
4.057756412676811308e+00 3.352561957973792861e+00 7.375094440523922934e+00
4.682914502947987501e+00 7.144692140618324139e+00 -1.771850520800206219e+00
2.203016553636866881e+00 5.148754698138613861e+00 2.045290286193636398e+00
2.705766889815270915e+00 7.331700334914386552e+00 -7.855071416221104386e-01
5.403649546915232804e+00 1.493471372494038718e+00 1.228681431561315707e+00
3.204063322492755717e+00 6.836393171497604726e+00 -9.514723828318156773e-01
3.100833607492487154e+00 6.635172053651011481e+00 6.262156347990224248e-01
2.814454061162771303e+00 2.948473261628518305e+00 9.386028697362768014e+00
8.427645861424426954e+00 5.758714077986609503e+00 -7.222524481700404175e-01
4.167839645397909187e+00 5.579569196193725489e+00 1.253008894172704890e+00
4.075398381924225433e+00 4.048566154515722104e+00 7.444962851748618604e+00
3.705027416944588925e+00 6.743738824417233602e-02 -1.649645583419717121e-01
3.672490633140686800e+00 2.926138802822334295e+00 7.439483869973458674e+00
4.282191847914742056e+00 5.250532960414853179e+00 -2.247051543897843118e+00
3.209677578353302252e+00 5.601130566465337246e+00 1.878226682659576152e+00
1.221342357218687447e+00 2.214335661129997135e+00 -5.085657931697600276e-01
2.170950244849777278e+00 3.814199595608257720e+00 5.690796322388989026e+00
3.869394509136353744e+00 5.628145175122005739e+00 -5.545806383035849496e-01
2.664982461244597367e+00 3.876483330252860071e+00 6.963362813281489316e+00
3.278369407525859369e+00 5.585532911000706591e+00 -8.680898688973917032e-01
2.747520069314977498e+00 3.988234473441665706e+00 6.996004617695605887e+00
1.131129731357655821e+00 4.356306437289116040e+00 2.153500735207620309e+00
3.429259680717879455e+00 4.902613496704600671e+00 3.587261409483620156e+00
4.027143035958509643e+00 5.365980415251397240e+00 -1.410058208823136372e+00
3.758001764943813328e+00 8.780681005822934537e+00 1.527059684130942951e+00
4.855096095356671526e+00 4.746962263218216016e+00 -9.427167825992148753e-01
2.958805891741810079e+00 4.006778796416593735e+00 1.124151826409329402e+01
4.692626502389278365e+00 6.868257363304461016e+00 1.376770509149162880e+00
-1.814854448432406286e+00 1.098899661877425160e+00 4.299035864794542583e-02
2.132237716619755474e+00 1.597926836519461880e+00 6.337238454642410090e+00
2.322711892928119859e+00 7.376031640046175397e+00 -2.468742990282033034e+00
4.843576959417918104e+00 5.894886521495140030e+00 1.253106054602155073e+00
3.813640977502148921e+00 1.046871183098855074e+00 8.677257072787238901e-01
4.466445326042177477e+00 6.155339438966732857e+00 -1.095706988395871662e+00
2.030933238842815847e+00 2.954002745409171737e+00 9.581866235580683622e+00
4.400473955630962664e+00 4.362778748471005663e+00 3.817053085675562674e+00
-7.171816407812325878e-02 3.282135200392134688e+00 -1.817911996055390000e+00
4.406562564366232060e-01 1.919245077386822373e+00 -3.637403393171754762e-01
2.349022284763236712e+00 1.708058969248536840e+00 3.406218144284716143e+00
1.668252490603686855e+00 3.083421292092015431e+00 6.816981050867539693e+00
4.614461860081154221e+00 4.424015909866143126e+00 4.977965071606664793e-01
4.528631019044697226e+00 4.252468278119620138e+00 3.622206634146125204e+00
1.122841446949792710e+00 3.180714326193412766e+00 1.060563417615336901e+00
2.794091178852978974e+00 2.750149787630991938e+00 1.055240161068927129e+01
1.680481615301681275e+00 4.983690821073836652e+00 -4.472225786566764727e-01
6.111452398934337893e+00 4.409296829571747622e+00 1.361535802979134457e+00
1.715248365139146802e+00 4.373949427191106132e+00 3.200166447804831726e+00
5.673718986003593479e+00 5.811475127937500318e+00 -1.098823790760121044e+00
1.575160151682141185e+00 2.896362161008113389e+00 6.532493990766093717e+00
2.867983479353990450e+00 5.552236184138720887e+00 7.349095594032079015e-02
2.275066278816161969e+00 1.091617982055359981e+00 2.516407665867033572e+00
-7.052852754370149135e-01 2.255995062633290082e+00 -1.661237522752043283e+00
4.872757392017269318e+00 3.987692094892195005e+00 2.939990784846591154e-01
3.657935507663927943e+00 1.481735801501606886e-01 -1.147820745563088662e+00
3.007242416681403352e+00 3.823231764766596541e+00 8.526936359438424873e+00
3.069883235905340513e+00 3.934273721121053669e+00 1.132455012596387434e+01
5.462038608660394701e+00 3.920881915349765823e+00 -9.624682402525761710e-03
4.121982494399388131e+00 7.223243121448819970e+00 -2.366789173877970054e+00
2.962860085021767897e+00 6.996553559028235725e+00 1.212663947021636712e+00
4.309512504344455763e+00 3.058928687002951730e+00 8.858814656319509595e+00
2.909768325141243395e+00 7.557707190375124284e+00 -3.720706489929503924e-02
1.320523562193071543e+00 1.421947479158407468e+00 2.730500921871014341e+00
3.094913152114754595e+00 5.988148069366456383e+00 3.226701954728642407e-01
3.996135227125345857e+00 3.823801176608026431e+00 6.413116665485168788e+00
6.041304569567390814e+00 8.611961666637572677e+00 1.715463721537230368e+00
4.936395282129435458e+00 5.638595682873032366e+00 2.335307125747108525e+00
-2.112482430727671279e-01 2.105307763423484246e+00 8.123707123631827842e-02
1.347374563815051163e+00 3.126878959420366311e+00 3.311432682321153287e+00
2.302976133573824136e+00 4.301042054943082782e+00 6.777158181431905071e+00
5.257120605475713582e+00 4.555949827664345086e-01 -8.335104081508543095e-01
2.172864480633060147e+00 2.849445134012345004e+00 8.302423439014624762e+00
4.272210614679520901e+00 4.967762447014615113e+00 2.158384320926156175e+00
3.517836601471913571e+00 5.681970552821579368e+00 2.315299282843989559e+00
1.580415066907814081e+00 -2.951579526530299091e-01 3.388659765503060584e+00
2.301959145617031410e+00 4.552450574602447730e+00 1.925012506722070249e+00
1.109119569134938699e+00 3.985929403023528828e+00 -1.393489572015518929e+00
2.236340893785612849e+00 3.314449435691368961e-02 3.047342566448043133e+00
4.356933215856986230e-01 -1.051160307086706602e+00 4.346235919836503037e-01
-2.285390058632579269e-01 7.826414958936180888e-01 -6.676541728865292846e-01
2.311032738363683059e+00 1.985054259783646025e+00 7.664726555808976549e+00
1.180563686181379301e+00 2.577477405970665103e-01 7.917747104672215319e-02
7.612072036017288212e+00 5.215277517042666844e+00 -1.475543382386207414e+00
2.701041355188846360e+00 4.809414715811269225e+00 1.762854452655783000e+00
7.366652676724649851e-01 2.748117143947279573e-01 1.539464094402427374e+00
3.081718053685977843e+00 1.596239586632552498e+00 5.429099581186150658e+00
3.973195705612504458e+00 8.511934277424192175e+00 3.834157300657542455e-01
4.785747310558035927e+00 3.424507423880528645e+00 2.328382891860808268e+00
-3.189594969431688298e-01 1.590688575646801883e+00 2.488844998229756023e+00
6.177400862963930095e+00 5.210565417230030860e+00 -1.868440751066747563e+00
2.893905043310747605e+00 5.092027016626473390e+00 -1.538699679906512241e+00
2.451237572370356776e+00 1.615901781202250476e+00 3.037611556869037166e+00
1.717609272441085189e+00 4.282635158890797378e+00 1.862438482520009764e+00
2.784525910056637965e+00 1.667953207167788499e+00 5.744943805487420008e+00
4.515088343068222265e+00 3.864646643135571935e+00 1.327629356206368128e+00
2.380747192358908304e+00 4.496417449728589588e+00 4.937438613914357788e+00
1.183216869529500004e+00 1.598552781340905504e+00 -2.143202342211258493e+00
1.374307884259824197e+00 5.396174075698761285e+00 -6.070539275956557956e-01
4.731960452890166202e+00 7.244910600853055271e+00 1.620305149311455750e+00
3.591852016932634672e+00 4.479815536746427185e+00 3.433925355910124821e+00
3.980421519020238108e+00 5.975100672815960579e-01 5.760765704082499994e-01
1.770695434186756678e+00 5.947732657453617122e+00 3.439175751111790413e-01
3.903111998160965879e+00 5.716945726672873818e+00 3.737467779392533718e-01
5.323957733967052519e+00 7.858785475427958467e+00 -1.973381230927031993e+00
2.834639472241722746e+00 4.607822610629992433e+00 3.580211162005576320e+00
4.317881887424869447e+00 3.399518412657478450e+00 4.338888442044465776e+00
2.282970488572635404e+00 4.141552780103518572e+00 5.414736411632299351e+00
1.847208946365969773e+00 2.222799624591710987e+00 6.439525495300548741e+00
5.779157630776512455e+00 6.119403066572855820e+00 -1.014413286961773686e+00
5.227083879884498963e+00 6.296857135659529092e+00 -7.576714029283159180e-01
4.813652470384828241e-01 2.011116351708306382e+00 -1.927860110474199917e+00
3.360557400478023649e+00 5.355122245592844443e+00 2.338549392957587347e+00
3.116544184748160529e+00 4.847258892827090548e+00 2.890704422893180414e+00
6.151951444518084955e+00 8.752498010651642346e+00 -2.389254430607412605e-01
1.486645391683548922e+00 3.454500863721549297e+00 4.629196685329997507e+00
2.297224734045208550e+00 7.487563172103376630e+00 -1.297581644055272765e+00
4.943444911890910731e+00 4.528598767978865069e+00 -7.912396820041940337e-01
4.005494923412865838e+00 2.497470850110900642e+00 7.019409821393644222e+00
3.820019345955936618e+00 1.956917883344267750e+00 5.701751844272195946e+00
1.841967164695452963e+00 4.908337374572839806e+00 -1.513869328080177379e+00
1.994556237462254078e+00 8.445453258671809849e+00 -2.339683349872013096e+00
1.199426796752238955e+00 3.056523967020440491e+00 3.343550022050300274e+00
3.821824250864280792e+00 5.256492553386188149e+00 9.331115129731181179e-01
9.933606520464164369e-01 4.162137099463175893e+00 4.871972042201501152e-01
1.748059261744343340e+00 3.322656719161633188e+00 7.240156099937742340e+00
1.780253007009515720e+00 2.187287433932044500e+00 4.831195604432003243e+00
3.310241264171510434e+00 3.686510543008511664e+00 7.832288047211074300e+00
2.625128222733582817e+00 4.964557691980624909e+00 1.701618159185144030e+00
4.370774139907327438e+00 6.961336946281176274e+00 -7.886144356036859371e-01
5.088128027256987984e+00 1.839417948054482110e+00 1.910088666853760220e+00
1.849628361091767426e+00 1.403140826126292762e+00 7.123986992639934623e-01
3.072176129006137124e+00 2.364933721976507641e+00 1.154536112237802747e+01
-4.484242618893445886e-01 9.723052458314782598e-01 2.263486494427432660e+00
2.710550926973456232e+00 6.486653761125466211e+00 2.030916328589158049e+00
1.730085288754302120e+00 6.858914670068507746e+00 -1.844521796655998136e+00
4.425358299087927882e+00 -9.472916868991427819e-01 1.792816965536175644e+00
4.815875740076392297e+00 5.703553112072040854e+00 -9.193387127045288265e-01
9.046689256712610039e-01 -7.141567578797287652e-01 1.752131123714310013e+00
6.227988941842973247e+00 4.009197171555618944e+00 -2.297694419660588849e+00
1.418047752531977679e+00 7.439323118133190249e+00 2.227881403847880026e+00
6.523654292932093313e+00 3.258421875735439066e+00 9.061250204700289912e-02
4.460704215051853438e+00 8.771384449644344272e+00 7.879350454607120247e-01
1.001014314297657970e+00 5.416487833066395474e+00 1.256984198972535882e+00
4.102752690275643488e+00 6.203774344494166648e+00 8.669152767299586060e-01
3.111015513226697227e+00 3.928809915574401401e+00 9.025000795145091459e+00
2.582970367751801444e+00 4.931220928570684947e+00 1.778886876885190649e+00
4.752328044628306714e+00 6.306546284210895692e+00 -9.978165082152443688e-01
2.058838940296837450e+00 2.258413612335689713e+00 8.526801371157651133e+00
5.434896735450869265e+00 7.680446486200369627e+00 -1.791014931496107687e+00
3.944322776238426531e+00 6.760286701249822450e+00 -1.079489229164139807e+00
4.437631232446060281e+00 3.654925328181369615e+00 5.987036975580974918e+00
5.608280006605005141e+00 5.131222590672746442e+00 2.307434981989044509e+00
2.898961102020130021e+00 3.146572662561536227e+00 9.538274411183980561e+00
4.138779617484305007e-01 6.192614764770650204e+00 2.341046942300508249e+00
4.569486049068339995e+00 1.791247418905678401e+00 2.418184477571633462e+00
3.031419959276962839e+00 7.929556847325134328e+00 -2.157896424739138119e+00
4.065161432729555990e+00 3.886911006720728867e+00 8.338136942933124018e+00
2.102905209500673500e+00 3.749556066634296414e+00 7.528517808470048145e+00
3.979705393807610569e+00 2.725428350612253858e+00 8.098062351766296629e+00
6.415704459219531586e+00 2.994282742720708157e+00 -1.173547861456222668e-01
1.837078884096146281e+00 2.208893359616372898e-01 -6.000627624347373290e-01
3.067244995637143035e+00 3.661306404641971213e+00 1.074455842193293442e+01
-8.539461850339380433e-02 2.579825949083887071e+00 -3.632558321669326906e-01
6.894246393212797308e-01 2.738990509186336908e+00 -1.534903802421506924e+00
2.621439121211690093e+00 4.977925734060420382e+00 1.846795660416770790e+00
-1.427324891333556778e+00 4.352809900499128304e-01 1.896270806941028564e+00
2.975965618133213919e+00 2.004553895070281477e+00 1.015654748278920572e+01
-1.557417471049712177e+00 1.683934888288849407e+00 1.158335126487497035e+00
2.257306568753647547e-01 2.412339880468083120e+00 3.765996011697600454e-01
2.924171709672664932e-01 2.019820562332522051e+00 1.479179909168869766e+00
4.988963553736738277e-01 4.385400670035423332e+00 -4.591873739354344619e-01
3.761112907352588408e+00 3.272652712181399082e+00 1.047752664253605026e+01
2.435293267331551270e+00 1.436498674749984161e+00 1.429519176142735049e+00
5.145523384825622770e+00 5.994918406569905045e+00 -1.596884302203440908e+00
3.198791180979682292e+00 4.693741019980074647e+00 3.854702791363098680e+00
2.818182467181335138e+00 6.577770213934261534e+00 2.064302124919054293e+00
5.629387806860405519e+00 2.251574610440503221e+00 -2.217037989838071432e+00
-4.062415588433818670e+00 -5.722790194838365707e+00 -1.145612215712637605e+00
-3.687864342605479351e+00 -5.762727370515192682e-01 -9.693317601674794615e-01
-2.769130505108579055e+00 -5.307921837134204068e+00 3.894293269039016181e+00
-3.709961886567076927e+00 -7.361529738278624890e+00 -1.732572118310375719e+00
-2.615117656409974511e+00 -4.409212082174819081e+00 4.225968852265311604e+00
-3.599693221419684175e+00 -5.342844497431757489e+00 4.606511437344451565e+00
-4.611610031436666368e+00 -4.966697299876168259e+00 5.203742721539452720e-01
-2.508390387893475015e+00 -5.527629173173744803e+00 1.197200425201301321e-01
-2.428840912118222839e+00 -3.355781716444288243e+00 3.352062397263023463e+00
-6.073885399095939164e+00 -4.338701649383576608e+00 -2.057697793309402279e+00
-5.213807490252007071e+00 -3.695349991007181423e+00 2.467828091224574028e+00
-2.603923438636333909e+00 -2.299844623417696354e+00 -6.925814844537478976e-01
-3.996532399683421222e+00 -3.599698339160842142e+00 5.420235947551138800e+00
-1.260265105755007831e+00 -4.092284725404444323e+00 -6.474973296039416848e-01
-3.037599234393926206e+00 -8.193860184426291937e+00 1.897583255216562792e+00
-2.307256435141951556e+00 -7.439173220971248668e+00 -2.089899601056404155e+00
-1.433053149160055995e+00 -2.759718377413320489e+00 1.694950227594799408e+00
-2.910030305366374748e+00 -4.254933968292536228e+00 4.934311840190599874e+00
-1.988318467700040726e+00 -4.487632707114088682e+00 3.114961518716679034e+00
-3.498238057883087393e+00 -5.960520784620585211e+00 2.564002856470443126e-01
-3.054189567455179777e+00 -1.690112584440953025e+00 -2.352743192535846628e+00
-2.231445524024020965e+00 -6.581206662061855894e+00 -1.664679827467521633e+00
-4.428940234340747573e+00 -4.254002483749328434e+00 4.712964709627087245e+00
-5.529711881227723502e-01 -3.136571224542693770e+00 -2.108517489812852030e+00
-2.209985595621958065e+00 -4.208433489320664300e-01 1.595193363576772771e+00
-2.156825360725918905e+00 -2.861050745788618510e+00 1.413223788626939204e+00
-2.750814180819001642e+00 -6.037620938845567053e+00 -1.258388023023949920e+00
-1.306111696705272163e+00 4.281584064829067060e-01 -6.443295765330878666e-01
-1.128439239695506302e+00 -3.067594587669495443e+00 5.281373244721230265e-01
-5.593815339835277456e+00 -5.814875338393903803e+00 5.045361003880454165e-01
-3.297532111844128977e+00 -6.393121612999753012e+00 3.159153799196759427e-01
-5.344524394852943061e-01 -2.915858288355347216e+00 2.473452462382409234e+00
-4.763980485429265777e+00 -3.347527750477829578e+00 -9.638304412498621687e-02
-4.049331354763762825e+00 -3.177529666788505125e+00 3.567987965622431368e+00
-4.575613372421292624e+00 -6.216927403723472523e+00 2.429637239183227937e+00
-2.264291956225310987e+00 -1.878685339476048988e+00 6.179631333333057697e-02
-2.411436504168498640e+00 -4.586148939960664528e+00 3.827157397936116645e+00
-9.658997593351497102e-01 -2.694644404262437121e+00 -9.417205641373131708e-02
-4.203281884770666110e+00 -3.958959470853904428e+00 2.111260758874923482e+00
-2.719724787845597014e+00 -1.772428690116599981e+00 -2.101134055092753528e+00
-1.749280891367544166e+00 -8.107965094965152275e+00 1.304561168914197995e-02
-2.894172564637966349e+00 -2.050901786310918240e+00 -4.137273418884535037e-01
-3.144964565116831423e+00 -6.463465536623070662e+00 -1.579193557675569792e+00
-1.837584701243462293e+00 9.493854777657491084e-01 -1.757116417149367615e+00
-3.324518884359541460e+00 -6.748972453620920575e-01 4.046736899058259174e-01
-4.913821964682854926e+00 -3.462948929961261246e+00 -1.633721488129275423e+00
-2.344675891146851487e+00 -3.042944759282018019e+00 2.470896512507620546e+00
-3.506677530354792793e+00 -6.731790585799894977e+00 1.275889521606531130e+00
-3.939677758134460639e+00 -5.815928640644139946e+00 1.387708178522154778e+00
-1.241000619773191982e+00 -7.980564852004429888e+00 1.207916608647323198e+00
-2.296643178432207222e+00 -4.561993854449352348e+00 6.785610980183026442e+00
-7.885636795804185084e-01 -3.905163484179400957e+00 -2.017191969424835030e+00
-1.830609841293016071e+00 -3.667819784352783330e+00 2.141743586517977693e+00
-4.155182699859325091e+00 -2.253281831785421740e+00 2.497438559174414152e+00
-2.660902119005405186e+00 -1.965131277690568723e+00 2.073908289734293753e+00
-5.284067057645088994e+00 -3.094320253017858846e+00 -2.094999814178442499e+00
-4.997232825320659266e+00 -6.841782694063002879e+00 -1.909614436873166676e+00
-5.592054041953824495e+00 -1.275541828394927890e+01 -8.756869870735189965e-01
9.756337019106928743e-01 -5.037457267480320411e+00 7.502317412380234973e-01
-5.401948643120429772e+00 -3.631366849504652272e+00 -7.929988430552589174e-01
-3.661871386165742592e+00 -6.859105302960514905e+00 1.034945801090212392e+00
-2.465530536038861964e+00 -4.387584564126559172e+00 2.990196271284303098e+00
-5.651715779845822851e+00 -3.763470640404216638e+00 -2.452325799919496063e+00
-3.026036916301793944e+00 -5.509315733276331173e+00 6.528451856707069290e-01
-4.657681998095016596e+00 -4.200163771274650237e+00 2.266586379079938762e+00
-1.901231875209969946e+00 -5.445925354854141531e+00 1.316142969653135930e+00
-3.115969365264033897e+00 -6.192500709269728176e+00 -1.451609521034788353e+00
-4.894259554460005823e+00 -3.898319808414105303e+00 3.070844696820183906e+00
-4.164701747001518406e+00 -5.766668927033594905e+00 -7.086564458766205776e-01
-3.941710983776394173e+00 -3.146137165995515961e+00 4.798538123774028108e+00
-4.906862427903957879e+00 -5.836236465891271763e+00 -2.465396801310324015e+00
-1.585236635401181537e+00 -6.404614100141277078e+00 1.180433431934027055e+00
-2.392401307819292278e+00 -2.934719545685733344e-01 -2.134822528623295579e+00
-2.858717121318520071e+00 -1.706610709011916249e+00 -1.125852168669636999e+00
-3.043489244020979534e+00 -3.543113786646684638e+00 3.411518314050501210e+00
-3.926314029645491477e+00 -5.532241512085022350e+00 2.256604536393599147e+00
-2.192540288386905623e+00 -3.033903726007859625e+00 5.638214038032794306e+00
-9.214234514749453098e-01 -1.850376411564044421e+00 1.217948689218082414e+00
-6.810027191622186393e+00 -5.323388521651281735e+00 -1.393909455981858336e+00
8.019600353696980655e-01 -2.860666963553603726e+00 1.908165551493246515e+00
-3.591752687024619917e+00 -6.872143943783791897e+00 -1.232366175043729362e+00
-4.803278526397469328e+00 -3.960670782505564702e+00 1.708857818164176923e+00
-7.165127640475764004e+00 -6.880713144354963617e+00 7.028287507618152796e-01
-4.506562234257319055e+00 -3.334394599122298963e+00 1.850287754110058636e+00
-5.457474873742125254e+00 -5.504378115084009870e+00 -3.495703843589240828e-02
-3.591866332711831422e+00 -3.066563064143272843e+00 5.541471707224269849e+00
-3.435557059421445736e+00 -6.786262547160308856e+00 8.562148900552299380e-02
-4.220561113189462255e+00 -9.044281850070767348e+00 -1.425243863491075791e+00
-3.474641798705186524e+00 -8.406609024632443194e+00 -1.920718671351819840e+00
-2.972475008760022686e+00 -5.287164113321529690e+00 1.826317540708678688e+00
-2.360666828895980895e+00 -1.965380237922316198e+00 2.129591159397058675e+00
-3.860434329755467520e+00 -5.350148752466593827e+00 7.355664737073674964e-01
-2.269715866767056944e+00 -3.403073777714599402e+00 2.794482264726678267e+00
-7.182224844483737769e-01 -3.712768919633743003e+00 1.938268594325363248e+00
-4.875471817957941489e+00 -3.056266595140733511e+00 2.815298413424432433e-01
-3.669364887350599069e-01 -3.267293302045457537e+00 1.743955759005848982e+00
-3.545449206756738469e+00 -4.209610816380476628e+00 5.008612522737489137e+00
-2.322924183489134986e+00 -1.749259467832498860e+00 -2.024342186782991604e+00
-4.495684152646107989e+00 -7.229582029162697765e+00 1.330616893650961252e+00
-2.304075265354219582e+00 -4.626660354343225201e+00 3.963961649602088855e+00
-2.560121063945239861e+00 -4.021985143883499703e+00 4.480989130520143249e+00
-1.132226244452887221e+00 -4.632045851005709203e+00 3.094949548657369487e+00
-5.594004983735400671e+00 -1.743557000298576742e+00 7.474963939349082986e-01
-3.517878684762127062e+00 -2.812771336662926558e+00 1.970328772001175732e+00
-2.137084237559887967e+00 -2.865264779119837790e+00 3.277358056341930670e+00
6.974040721209000537e-01 -5.364029508704946991e+00 1.898579627695848426e+00
-4.152710130841192893e+00 -2.685176259110495067e+00 -7.244393068510697198e-01
-4.299457914983056739e+00 -4.819088418428261633e+00 2.678697877803377647e+00
9.932517089216630346e-01 -9.248647153285487477e-01 4.473544230437580538e+00
-6.038568165156118717e+00 -5.506055571134423232e+00 2.404274322579699419e+00
-2.406992949281250294e+00 -4.709862906744703537e+00 2.554964672475807941e+00
-4.589768850541339873e+00 -2.323640701499119388e+00 -7.535296441278098722e-01
-4.803148605969337126e+00 -2.242364034205682977e+00 1.239086838604990470e+00
-4.865863980294693469e-01 -1.856899667988254343e+00 -1.820735754207222667e+00
-5.259689066742810226e+00 -6.687301716759753489e+00 1.509954395074512457e+00
-4.212529041772261174e+00 -1.016662237419398540e+00 2.053525540964772134e+00
-3.361055880358846615e+00 -5.350312146573830141e+00 4.501220912255362805e+00
-3.360574981067619760e+00 8.487574418971481904e-01 1.933159069346471526e+00
-4.918836724307245944e+00 -3.359217456008956049e-01 -7.611987888688982740e-02
-2.924562935516920259e+00 -1.767565747494764583e+00 -1.100440054810733814e+00
-1.483056429047469482e+00 -1.414283415035562985e+00 -2.072413658024994554e+00
-5.191844819035889458e+00 -6.802229275285523791e+00 -2.941994915025329949e-01
-2.837053387227414181e+00 -3.129280098839947843e+00 5.265588531049706589e+00
-2.808313616912976762e+00 -2.242447321081713518e+00 -3.843445415698520939e-02
5.137124786752891303e-01 -2.841515602653998940e-03 -2.323339799788999738e+00
-2.747332687391449202e+00 -2.631698834707750123e+00 4.280374175723570929e+00
-2.089422765529370896e+00 -3.196825787844894684e+00 1.630485610555121756e+00
5.665713133332905826e-02 -5.428274912075546688e+00 1.588630663564639223e+00
-1.462101569982179550e+00 -4.297792363020597861e+00 2.143532114981255177e+00
-2.847865863611528159e+00 -1.833428688358512026e+00 -1.085482710098182091e+00
-2.306568289825505325e+00 -4.289579691164326469e+00 3.455395543020394644e+00
-1.118879544817673821e+00 4.633306785115607340e-01 7.861482180508168049e-01
-3.445371338555497154e+00 -8.910868413993258130e-01 -1.811595925880911118e+00
-3.149238877872339692e+00 -4.767585708340022599e+00 3.796212288922277800e+00
-1.247691965937514080e+00 -2.061942709970905341e+00 -1.785830886979318910e+00
-3.884038010464322621e+00 -8.779524476570916391e+00 -1.694984533493197887e+00
-2.737214190320020446e+00 -6.070669945540154266e+00 -1.399911178503189468e+00
-2.260442428752920563e+00 -7.554227556945244615e+00 -2.493855545893832293e+00
-5.274996784700180186e+00 -4.027997862793058381e+00 -3.187511360195019461e-02
-4.629213456762169443e+00 -5.375183142373064271e+00 -1.849964435096217996e-01
-5.850162512410041593e+00 -5.723254724438609387e+00 -8.078847700350713090e-01
-2.906713942356034863e+00 -5.191982568162297973e+00 4.679492340528283556e+00
-2.435359966152464750e+00 -2.853451687335883946e-01 1.192372610836439639e+00
-3.698801985453926466e+00 -7.542305160298332645e+00 2.252719770134264721e+00
-1.169195767530215369e+00 -2.580384346040530019e+00 -1.968345585157195821e+00
-1.738367399317126027e+00 -1.561634745711335981e+00 1.527047408179047494e+00
-2.045872610065265995e+00 -4.537430583107028070e+00 4.905479053480402030e+00
-3.373560186478378853e+00 -4.751194518333672789e+00 6.958986338217077794e+00
-5.154264179664574286e+00 -2.709955592028429727e+00 -1.579684873597806405e+00
-1.365744044513903965e+00 -6.877094412921588962e+00 6.937466262704800046e-01
-3.437411791412383621e+00 -4.332874733685074808e+00 6.574270193287256703e+00
-3.258836379187967758e+00 -7.240288708010400143e+00 1.779194148874980286e+00
-1.068827997769806082e+00 -3.694045489773678526e+00 2.551443760421779894e-01
-2.965456456055064915e+00 1.950718691543976924e+00 5.482928959442708639e+00
-2.399001901919226132e+00 -3.443180390492023513e+00 4.478368398087221536e+00
-1.915452777278646490e+00 -3.616577670026373426e+00 2.551681454092284973e+00
-1.071827348312144323e-01 -1.716615025491170510e+00 -1.859459493536881336e+00
-1.790276709713150893e+00 -3.776704001096103713e+00 5.839627985420994705e+00
1.090409311791575853e-01 -4.429705377483990958e+00 -1.597535956575824923e+00
-3.813576252338930939e+00 -5.466499279890242313e+00 2.071011560943562646e+00
-6.605356898937738030e+00 -4.844762116321156498e+00 7.898839961349684025e-01
-1.836417994330072911e+00 -4.210335795687989879e+00 1.717781862006162008e+00
-2.834089543314346926e+00 -9.712803553984155513e+00 1.269064222670133635e+00
-2.753515409336571018e+00 -3.154292471501221939e+00 4.399686765648998410e+00
1.117697361384166754e-01 -4.293651792368258668e+00 -1.251049241021979785e+00
9.659455160193597401e-01 -2.847247600944113888e+00 5.230073779792904887e+00
-1.750581529975073547e+00 -5.832913889566011534e+00 1.571624427436483451e+00
-8.775352137914403272e+00 -6.231298743244595428e+00 -5.083305469693305545e-01
-3.368293774605179536e+00 -3.315508479900274974e+00 6.298743706880979509e+00
-1.738917461069106052e+00 -4.864245045796839584e+00 3.191061533953832630e+00
-5.295265262668101158e+00 -3.429749858519465455e+00 -2.763497343220051028e-01
-4.795667496811356401e+00 -8.837858467501416015e-01 1.126362403140907631e+00
-1.872503151602332272e+00 -4.867777055055880098e+00 3.070529618391782734e+00
-3.784316601132547309e+00 -7.244458040517276487e+00 9.717683315278652367e-01
-2.356643045453648000e+00 -5.872650098436214883e+00 4.268568594733272992e-01
-9.980786995547838991e-01 -4.715243742858883813e+00 2.501261645580731496e+00
-2.802576535915495271e+00 -2.858286267818680670e+00 3.661091116577017246e+00
-1.759671714475211202e+00 -6.959228952755116993e+00 1.147135137179844389e-01
-4.356853438061495609e+00 -3.970094462264722512e+00 3.045991877233215739e+00
-2.860054253664663815e+00 -4.336311936981664061e+00 5.102215403224239054e+00
-3.816444399784119756e+00 -3.421999295419794862e+00 5.828666053971339522e+00
-5.451298696336158045e+00 -7.589583478718808784e+00 -1.395832371263844962e+00
-3.548210959863492775e+00 -4.938765074762121010e+00 5.409650572857332307e+00
-3.264780992744984456e+00 -6.533530057079536491e+00 1.701423703561379952e+00
-3.379039669610182983e+00 -5.722153938701310061e+00 1.746897127695675733e+00
-3.665776711838547364e+00 -3.454893675195640501e+00 5.371812628638691578e+00
-5.091140228649670973e-02 -2.887257937891467563e-01 1.400197329688254833e+00
-1.537336676054853690e+00 -5.639673351747354069e+00 2.562740076557434854e+00
-2.361840402227476154e+00 -2.205983550490195899e+00 -1.076610151155687367e+00
-1.785411113040829889e+00 -4.700550723111184936e+00 1.747199022522075040e+00
-2.494170804742138703e+00 -6.567128881428289766e+00 -1.400143013103963829e+00
-1.588550977515003515e+00 -1.855333552384668572e+00 -1.327753139504727065e-01
-1.324728015359844413e+00 2.327160060077515524e-01 -2.288976233219759848e+00
1.720063740887547432e-01 -1.130552611214569403e+00 -7.412499192826296213e-01
-2.458313363381338323e+00 -1.046971266094374187e+00 -2.422078788591336629e+00
-2.883782832284515152e+00 -9.090289915139222465e-01 -4.843880594071617307e-01
-3.024697469788495408e+00 -1.812717559432527548e+00 2.036537917909995166e+00
-2.773512192191532666e+00 -3.975177013351295141e+00 4.989310566817103165e+00
2.139513523478473900e+00 -2.670259159024740647e+00 3.194214405696433001e+00
-4.715042975590114871e+00 -1.872671136669302072e+00 1.785175520243383440e+00
-2.757686937040119357e+00 2.032438330307494656e+00 5.033498925585627504e+00
-3.758304124918494526e+00 2.920468277556295789e+00 5.333351860981029091e+00
-3.144936708226016897e+00 1.675100351283361544e+00 4.459389118572789634e-01
-3.505075130765784586e+00 5.970583755966281103e+00 8.978633237412078083e-01
-3.103540884346699613e+00 6.044024097333833723e+00 -1.026133874706398386e+00
-2.762714952104671440e+00 2.673830061932263025e+00 6.402413986426962467e+00
-2.919941480486642149e+00 3.457181381134762699e+00 4.957462761308206289e+00
-2.551551764445945558e+00 2.205994539884671202e+00 3.477885833202194910e+00
-7.036626054868746039e+00 -2.504800076957902633e-01 -1.768860754534223867e-01
-3.098819670993877118e+00 7.352535085296979744e+00 1.738406031140087737e+00
-3.674120943458474287e+00 -4.166942693201720616e-01 -2.310524750312847431e+00
-3.768841248709299485e+00 6.321525407950534969e+00 -4.611560478178639011e-01
-4.597742612285202313e+00 2.023161842017167977e+00 1.666110714877550025e+00
-4.338208175290883872e+00 3.092555786672605223e+00 5.029949710379801431e+00
-4.935105783249610134e+00 7.006401747233634403e+00 1.035790689757296157e+00
-1.185948842315839746e+00 3.464900437780510600e+00 1.408897568702268455e+00
-4.815205726279356391e+00 2.027281853634228082e+00 9.208223391639105415e-01
-1.049255540744647774e+00 2.456793885419270573e+00 2.625084570382397509e+00
-2.355136854360483589e+00 7.358099167387639028e+00 -2.043878594541104210e+00
-2.099629270881312237e+00 1.347216923091204333e+00 2.567688724884167328e-01
-3.106636131958188329e+00 3.004206878983319395e+00 2.905775378292843492e+00
-1.667095048798898471e+00 1.119266887817193634e+00 -1.138260676708503283e+00
-2.481479112405653442e+00 3.150872505501130405e+00 2.238919590610054744e+00
-3.300837965652118733e+00 7.013661495213199260e+00 -1.503699817333065791e+00
-6.534191297645644880e+00 6.024670093377083369e+00 6.042741450513339219e-01
-4.133997234802377463e+00 3.366068899450757712e+00 4.840962125635813962e+00
-2.543719302976783947e+00 7.736984361381392006e+00 -6.547136008028675569e-01
-2.573870345669477810e+00 1.468026000613898319e+00 -5.373472569936312837e-01
-3.814121469709513157e+00 8.190225194346822946e-01 1.466462338638292007e+00
-3.509771122439746094e+00 1.395248459437470778e+00 -7.285130326223345776e-01
-6.514676337950073837e-01 6.844940487358025294e+00 -3.169339138112520216e-01
-1.248139005294433890e+00 2.404181590611786046e+00 3.290489039849592068e+00
-1.573033025251115768e+00 4.442346003231680385e+00 -1.892136837961389428e+00
-3.906248738005720256e+00 -7.574709733208662144e-01 1.484388352845951164e+00
-1.686130736141560504e+00 7.433942033446273356e+00 -2.028094034130258905e+00
-3.705234691139480674e+00 2.923243275892183135e+00 1.871991052729550020e+00
-9.979809008519255897e-01 1.049933381825847611e+00 6.234499948112636192e-01
-3.214673139509931055e+00 4.890560186311438962e+00 2.235104459956925194e+00
-2.713271960572282815e+00 1.637359981385179353e+00 3.961080490547086441e-02
-3.714097764694974213e+00 2.033010623497304881e+00 1.638994909541961364e+00
-3.997131114495281690e+00 1.889911639233304630e+00 3.622668080488731235e+00
-2.851804248089363725e+00 6.112728318939737449e+00 1.061037718753390369e+00
-1.822678149540660764e+00 -1.113888147602137835e-01 1.010901202579232196e-02
-3.712570591776021445e+00 4.685390898919106206e+00 -4.561869106534066631e-01
-2.382805796935685283e+00 7.995897621569549862e-01 4.782913483261517218e-01
-3.752311956861498654e+00 2.386553273565607203e+00 2.666873575020606069e+00
-1.989913939093745032e+00 1.988280492708294211e+00 1.955719430898414934e+00
-3.974608084517843309e+00 4.360866593758164989e+00 1.402236630729847056e+00
-4.247146514937999662e+00 2.569205531738623982e+00 4.757835543466248929e-01
-3.707615455769490698e+00 6.181404096595258579e+00 -6.488145995521619191e-01
-3.151361582900388481e+00 2.941301592165523893e+00 5.803698343077448030e+00
-4.644153746718007625e+00 3.291806058587122941e+00 -7.166507148681637851e-01
-2.758024110948384067e+00 3.235661679301470972e+00 3.117140692037480676e+00
-3.582552214834665349e+00 4.565064529396662074e+00 3.119483908213150691e+00
-5.641749588959325656e+00 6.061019760433811854e+00 2.220115278153674265e-01
-1.479480855758484870e+00 6.460693552508183224e-01 7.250432602279229810e-01
-2.351530074207537346e+00 2.234953728793075634e+00 3.329659945234669571e+00
-3.616723776969348769e+00 2.320738939439489279e+00 1.963241012102721506e+00
-4.341881410462573143e+00 1.258462709693830561e+00 -3.731996540917661420e-01
-6.193750323396157498e+00 9.457771778753452097e-01 -1.979624928411891194e+00
-1.554805571150854382e+00 2.925091801246803236e+00 1.152449285629161491e+00
-1.988567562866125460e+00 2.808771403625185847e+00 5.502649230131947178e+00
-4.147953277698395169e+00 8.168794715266107787e+00 2.368857206917180935e+00
-2.355821422743861415e+00 6.013216460860949297e+00 3.480101444901854690e-01
-4.653661976281808776e-01 3.995270425096701050e+00 1.573906529297214030e-01
-6.989266918387219363e+00 2.763284575305981594e+00 -1.058594210819648052e-01
-2.440117322513361664e+00 1.401354659543300851e+00 1.454479875374269371e+00
-5.149674342606102684e+00 5.876138384581516050e+00 -1.361161972388275743e+00
-4.220098312860339540e+00 3.671723597617882806e+00 2.102814432433467662e+00
-4.066081132415400035e+00 7.583597839925925399e+00 -6.512300382589580883e-01
-3.714926185651056034e+00 2.177552559488041606e+00 4.919035593732349554e+00
-1.965436557920255067e+00 3.545855243817655822e+00 5.654801013983103530e+00
-2.699964014392753686e+00 5.424113444727602484e+00 1.693624233535755863e+00
-1.056857318938580592e+00 5.882373093848626056e+00 1.389525238645824778e+00
-8.084925238721885066e-02 4.666352890142480447e+00 -1.630552737864245927e+00
-3.919116020865303085e+00 4.460400124870713690e+00 1.195930848606363561e-01
-5.128624419649603361e-01 4.300916623385097282e+00 1.645766117202371870e+00
-2.027970984244292119e+00 3.084860703242832791e+00 4.909766768189224528e+00
1.400412718562277448e+00 7.034120230427942211e+00 -1.564974797132124840e+00
-2.168849259424397768e+00 8.487029213267611283e+00 -1.754116676470007796e+00
-2.622932670089241469e+00 6.204989745350961705e+00 -2.897861381486391830e-01
-7.776106519596948097e-01 4.407552607031355763e+00 6.732356615971706315e-01
-1.871608837683710336e+00 7.732476997144625663e+00 1.240989021311367235e-01
-9.858303196283788594e-01 3.310735345318895018e+00 -9.674344146179321147e-01
-2.636751023127168914e+00 4.982786888915965662e+00 -1.698816271989457505e+00
-3.320489393989364935e+00 5.598539525816637052e+00 2.364927779335870728e+00
-2.091822578078782691e+00 4.089329613014167641e+00 1.350952406759073021e+00
-2.923279817615060061e+00 7.608888141787845782e+00 8.497274186785752637e-02
-1.659006624073697367e+00 1.252845652141692412e+00 1.615012364010019574e+00
-3.585403566376652584e+00 4.812141792268358031e+00 9.460259855845686294e-01
-8.179332841152295863e-01 6.213446812633387495e+00 5.536076869367623221e-01
-4.880104087135766378e+00 3.710778124452052129e+00 1.826747185798037965e+00
-2.980978747061525880e+00 4.801054834349183231e+00 -1.273932603778505701e+00
-6.442632155960058782e+00 3.794607861372445434e-01 2.273706278454590279e-01
-4.367126171450406602e+00 7.585066914944578187e+00 -1.585857783458750170e+00
-2.718674019674684139e+00 4.595858408070800039e+00 1.100780114092292816e+00
-4.036718347835408061e+00 6.357290255326821793e-01 3.936853741682871388e-01
-1.617935785555722372e+00 7.543985849074320349e+00 -1.335083122973140801e-01
-7.262856060527326463e+00 2.624059953408512946e+00 1.524643736473860756e+00
-4.423105082851477299e+00 1.320430939523258740e+00 1.371437886269423645e+00
-3.462020945641532066e+00 8.590497839193565355e+00 -1.194450541074471017e-01
-3.343961426509419965e+00 -6.863650378968468857e-01 -5.603887719033026071e-01
-2.259040673733104576e+00 4.089701789845927138e+00 4.948025162970546731e+00
-2.092416385873594464e+00 3.729683225054206019e+00 2.501306726881156628e+00
-4.866937387799534775e+00 3.063313150979301902e+00 3.005146578045466033e+00
-3.715193225927785114e+00 4.470418491450305787e+00 -5.667969171968756381e-01
-3.512828210506278914e+00 6.937166773670591091e+00 1.089889173210030204e+00
-2.284638465323189926e+00 5.410508393031849828e+00 -4.713458239528164895e-02
-1.427496388515897552e+00 3.945480062094863349e+00 2.901409368745895279e+00
-3.163151956174032442e+00 3.560039892461208222e+00 3.411736070159349765e+00
-7.125479705887389770e-01 3.601858300482962072e+00 -1.176530844979509549e+00
-2.087671121475048963e+00 9.650202703672827731e-01 -9.693264650792630110e-01
-2.467475147387329315e+00 7.388154228341425878e-01 4.575568384349252282e-01
-2.692332508850949768e+00 4.340494243566252131e+00 1.526091699298855575e+00
-1.818293508766483102e+00 6.490036043784314757e+00 -3.666586090591411606e-01
-3.767421182415786163e+00 3.013749661167791860e+00 5.788748307557692208e+00
-2.876632457429032286e+00 2.078260293890754618e+00 3.491461459924224631e+00
-3.242673078578294898e+00 6.822801809810860263e+00 -6.888160841681475466e-01
-3.047520205808303739e+00 3.383521270473733189e+00 4.483129344596521904e+00
2.406630595052243748e-01 7.118444080422366760e+00 7.574340804636370272e-02
-1.039031987834083015e+00 5.303041268378753337e+00 -1.703554827052595089e+00
-9.422927522290942548e-01 6.412385692462024167e+00 -2.021286809250743666e+00
-4.466265210767862648e+00 2.593524695133365476e+00 -3.298004096616495850e-01
-1.712504681097103409e+00 4.716462351845877699e+00 1.715430044641821139e+00
-4.197419731205567217e+00 4.364940362476916746e+00 2.591110320718908344e+00
-3.019537119949376791e+00 7.027971827072605038e+00 -1.619322467685572420e+00
-2.717526984758614095e+00 7.248651294189545347e-01 2.197145512105054710e+00
-3.606626224899360800e+00 3.039657896217408783e+00 2.901887048668161828e+00
-4.701343796374223061e+00 6.710919318504782183e+00 2.815228299765398789e-01
-5.213319563755755226e+00 2.659034566333775551e+00 -2.061544503671584039e+00
-2.429264512476347893e+00 1.667244195499152593e+00 4.338174340307179300e+00
-4.073482806917247956e+00 7.057357142369246716e+00 1.260790151333683884e+00
-3.541989298180363122e+00 3.040222150022525938e+00 6.324189483964295810e+00
-4.954445772768941048e+00 1.800566537270651857e+00 -2.337626491238261384e+00
-4.420414701717531258e+00 -1.929853924059126591e+00 9.062011887633951712e-01
-1.651145761246048949e-01 5.744875543081677804e+00 1.569343745641008203e+00
-4.262436949343792136e+00 -6.364296316610893456e-01 1.733721265418505686e+00
-1.718881360711127737e+00 7.117997293163709216e+00 7.315232995182247011e-01
-3.347218675811388877e+00 2.948194663510053992e+00 5.862474681397245035e+00
-4.006431651817382367e+00 5.380424906434138066e+00 -3.436929593749963874e-01
-6.758546496653865532e-01 5.342073194606639319e+00 -7.458433085471480317e-02
-3.498695348557411933e+00 4.533909570863291272e+00 -1.393590309358017088e-02
-4.250887560184031244e+00 4.962433921881933330e+00 -1.899784226681831445e+00
-2.221757456859841717e+00 -1.025882376434386956e+00 -1.317265121534879846e+00
-6.267578148133292615e-01 2.462789495728065603e+00 -4.756100319113666930e-01
-1.094005825751800609e+00 6.726431515385826287e+00 -1.602207385644495830e+00
-3.711500664450362308e+00 6.333778315501435330e+00 -7.781441707620854187e-01
-1.819325958626296424e+00 2.192308487106103598e+00 4.425043140216364357e+00
-8.909028034860750900e-01 4.429946474533426048e+00 -1.043403804141598501e+00
-3.512016062338525924e+00 4.609802183218660865e+00 2.174051073803782153e-01
-4.866655581476289072e+00 3.137325697317738360e+00 1.172021650594424980e+00
-3.157511048838361312e+00 1.730694219333028805e+00 3.019993533886284887e+00
-1.660340362809824555e+00 5.199292518923684270e+00 9.159156453542575127e-01
-7.562883381737880661e+00 3.208583412195412876e+00 -1.018381063656383478e+00
-5.031719150939164109e+00 2.909537636698992902e+00 5.552456702147373635e-02
-4.943477946325073979e+00 -6.484540519101162914e-01 -6.695775310458360607e-01
-6.017384778043272320e+00 3.904618820540808333e+00 -1.336723661973393096e+00
8.642294428044303700e-01 3.890966929945330222e+00 1.465729923040278493e+00
-2.481016183365056804e+00 3.276466945098976069e+00 3.503080404172419282e+00
-2.252266946945335135e+00 5.082090234098782133e+00 7.398602715447345490e-01
-3.587200382576260616e+00 4.363019025321200672e+00 4.000052718237734339e+00
-3.044780150748231939e+00 3.243042329435879445e+00 1.732153731171312661e+00
-2.406426957286708745e+00 2.845215906066492551e+00 5.920572545971950262e+00
-2.449013741680830414e+00 4.314661658283977630e+00 3.702815927033653587e+00
-1.887799245396359904e+00 7.065747747599775863e+00 -5.108207031015554733e-01
-2.120835295026616052e+00 3.459836834561698105e+00 1.762542082678166810e+00
-4.418851601583964950e+00 1.443083916324741978e+00 2.689922528209590880e+00
-1.321351809254954990e+00 6.636294777224438945e+00 8.878090395753579500e-02
-1.999579377700770211e+00 2.308030013479114295e+00 8.002687705606614799e-01
-3.818190986849741009e-01 1.998190029534950174e+00 2.775448919411132032e-01
-1.566332532153826174e+00 1.381890469977841374e+00 1.800133267811074633e+00
-5.128582505043629780e+00 9.865002660151547254e-01 1.300810968525640821e+00
-3.279624968396473772e+00 3.569095480044815361e+00 2.474590210208319263e+00
2.194904131512737777e+00 5.634212592469232561e+00 -6.175384251577786809e-01
-2.213754294583841542e+00 6.133038987909287698e+00 -1.016499109464954254e+00
-5.153277779175735596e-01 4.288550466721862797e+00 -1.711283190941882637e+00
-5.812517787422759596e+00 1.385354850908778523e+00 -1.731021566349371099e-01
-4.145691588856920795e+00 6.200838611827826696e+00 -1.754654880814648710e+00
-3.757518767726595321e-01 4.901386503162489916e+00 6.190005965093338114e-01
-3.426960500751338401e+00 2.649627858958860216e+00 4.962412673676899644e+00
-4.304171204664067218e+00 1.472911669655785794e+00 -9.046822189939787151e-01
-2.601131519849394280e+00 4.924543743963652354e+00 1.174083611146187867e+00
-2.089342163571694222e+00 6.359997566832838345e+00 2.159259347493508674e+00
-3.669134155805327424e+00 3.576346480989148979e+00 1.495272468045985903e+00
-1.087753771542373293e+00 2.608970398577580063e+00 -5.194653653835711316e-01
-2.392626084083761651e+00 6.256084684697196252e+00 -1.682737358923401150e+00
-3.477295158362453176e+00 5.068092875500855854e+00 -1.511783638833830823e+00
-3.491404745886049987e+00 3.617601802397083954e+00 5.338069369696334832e+00
-7.549556286692582496e-01 4.508150837161149838e+00 6.195316483247316208e-01
-3.502980726851428805e+00 2.741745225090140181e+00 2.057464775277418667e+00
-3.566566289582400628e+00 4.585296210575383391e+00 -7.445828359520987316e-01
-1.033476021047120108e+00 7.065543127450029992e+00 -1.357340882867740905e+00
-4.073708709979156239e+00 4.719118994998746430e+00 -2.821356353228722247e-01
-5.152980051185684474e+00 3.589625989889583035e+00 1.180054774865770151e+00
-3.329790132815432457e+00 3.682204138775575064e+00 1.593294815977354340e+00
-4.905432520817584852e+00 1.178465405928292409e+00 1.978134198569462265e+00
-3.719480617462728844e+00 4.122708369655334160e+00 3.780033605116514650e+00
-1.644071086069547327e-01 3.095494049677002035e+00 -2.147762772009422783e+00
-2.267261847154405707e+00 3.454673364435051575e+00 4.606561979079085489e+00
-3.212977137423974394e+00 3.020876783271868149e+00 3.052210110195116677e+00
