9.746329999999999716e-01 -7.923630000000000395e-01 -1.176607205391438260e+00
3.223509999999999986e-01 1.803399999999999892e+00 1.639720286456774589e+00
1.355890000000000040e+00 3.895930000000000226e-01 2.688868527035793710e-01
8.597249999999999337e-02 -1.069299999999999917e+00 -1.883341323392182076e+00
-6.435999999999999499e-01 -4.003720000000000057e-01 -1.290287899227511970e+00
-8.858200000000000518e-01 6.022990000000000288e-01 2.038354674760387286e-01
-5.727000000000000146e-02 -6.801599999999999868e-01 -1.668845024683393907e+00
1.316500000000000004e+00 -5.702679999999999971e-01 -1.389894938154619508e+00
-1.226900000000000102e+00 3.720670000000000227e-02 -3.949653793982883521e-01
-3.077329999999999788e-01 -2.177669999999999884e-01 -1.153072367422666611e+00
2.019610000000000127e+00 -1.434570000000000012e-01 -3.577199570894599168e-01
-3.465289999999999759e-01 -4.749979999999999758e-01 -1.729206391144144872e+00
6.240719999999999601e-01 -4.370870000000000033e-01 -1.113876133368129295e+00
1.503349999999999964e+00 1.333490000000000064e+00 9.917975061799624292e-01
1.008320000000000105e+00 1.936500000000000027e-02 -7.222649719939806534e-01
2.617059999999999942e+00 1.876670000000000060e+00 3.274784891271406817e+00
-2.266519999999999868e+00 -3.213579999999999909e-02 -1.451834631964403322e+00
1.308939999999999992e+00 2.116070000000000118e+00 2.528470155361552507e+00
1.090919999999999890e+00 1.043120000000000047e+00 9.357093600656147814e-01
1.200460000000000083e+00 4.694150000000000267e-01 5.656845284166068799e-01
7.803830000000000489e-01 1.117079999999999983e-02 -5.850097274472169095e-01
-1.005400000000000044e-01 -1.402420000000000000e+00 -2.541303154067252823e+00
1.217260000000000009e+00 1.066920000000000091e+00 9.321667803236047822e-01
2.330330000000000013e+00 4.441679999999999934e-02 -2.056844135932344719e-01
4.037999999999999923e-01 1.443550000000000111e+00 1.598392171668146844e+00
-1.350109999999999921e+00 -3.209750000000000103e-01 -1.464237192357623840e+00
-1.522639999999999993e+00 -5.018600000000000144e-02 -8.011303343594053938e-01
-6.123600000000000154e-01 -7.823729999999999851e-01 -2.082268394971833914e+00
9.345710000000000128e-02 3.614299999999999735e-01 -9.092818986816042504e-02
6.027850000000000152e-01 -1.283479999999999899e-01 -1.077577909791021415e+00
1.492299999999999960e+00 7.058269999999999822e-01 2.060437378142443154e-01
-9.736719999999999819e-01 -5.780009999999999870e-01 -1.573077688629408222e+00
-5.436339999999999922e-02 -1.929520000000000124e-01 -8.894417346599060581e-01
8.641530000000000045e-02 -1.980390000000000095e+00 -3.535821721223113556e+00
-8.775689999999999880e-02 8.298060000000000436e-01 6.022003807350146953e-01
-1.691600000000000048e-01 -6.500939999999999497e-01 -1.215222502484587297e+00
1.900509999999999977e-01 5.904310000000000391e-01 3.290614186628666032e-02
2.243349999999999955e+00 -5.407459999999999489e-01 -1.293337785745206858e+00
2.290049999999999919e+00 1.759770000000000056e+00 3.008247287557479499e+00
1.192830000000000057e+00 -2.178930000000000033e-01 -2.125869711291805686e-02
-1.306009999999999983e-02 -7.750679999999999792e-01 -1.369886204277527053e+00
1.507819999999999938e+00 2.621700000000000141e-01 -4.683214458397969571e-01
-4.950350000000000028e-01 1.384660000000000002e+00 9.209926646753495705e-01
-2.575610000000000177e+00 1.010920000000000048e-02 -1.745276625634531120e+00
-5.507980000000000098e-01 7.935480000000000311e-01 1.710293356837563061e-01
3.328599999999999892e-01 -7.902749999999999497e-01 -1.979201186367986143e+00
6.008829999999999449e-01 3.637040000000000273e-01 -2.694887288319514629e-01
-9.672309999999999519e-01 -1.247560000000000058e-01 -9.750386236947357066e-01
8.635699999999999488e-01 9.157960000000000544e-01 8.454730360015755286e-01
-2.004789999999999850e+00 -1.207049999999999956e+00 -3.358564515209118362e+00
-1.574400000000000022e+00 -1.061330000000000107e+00 -2.563815036568918071e+00
-1.242459999999999898e+00 -5.321739999999999804e-02 -7.651881803824602812e-01
-1.425119999999999998e-01 4.379449999999999732e-01 1.502255621179462430e-01
-1.905880000000000074e-01 -1.131739999999999968e+00 -2.271239341900015862e+00
7.175779999999999659e-02 6.570719999999999894e-01 2.187865530866184849e-01
-8.478360000000000340e-01 1.681740000000000013e+00 1.621278088819156471e+00
-2.612330000000000041e+00 -1.604180000000000050e-01 -1.103903293260930285e+00
-1.502640000000000087e-01 -9.075729999999999908e-02 -2.816200617554051600e-01
1.014690000000000092e+00 -1.214280000000000026e+00 -2.202453734785914108e+00
-1.230679999999999968e-01 7.307120000000000282e-01 3.625305797282355469e-01
1.251540000000000097e+00 -5.263929999999999998e-01 -5.030683226757097781e-01
5.729729999999999546e-01 -3.250190000000000023e-02 -5.190054902275496040e-01
7.447669999999999568e-01 5.675980000000000469e-01 -4.041653724217351140e-01
7.673360000000000181e-01 1.285630000000000051e+00 1.006881483096068397e+00
2.740099999999999758e-01 2.593559999999999963e-02 -9.669002842444871515e-01
3.874509999999999760e-02 8.634720000000000173e-01 1.523542406685743089e-01
1.376519999999999966e+00 8.835760000000000280e-01 5.610722562018073400e-01
-2.454399999999999915e-01 -1.504909999999999970e+00 -2.579119433348207480e+00
-1.010559999999999903e+00 4.631390000000000229e-01 -4.625279705343579018e-01
-2.668670000000000209e-01 -7.196000000000000174e-01 -1.121704875313508154e+00
-6.986320000000000308e-01 3.202590000000000159e-01 5.146772639479185729e-02
-4.874430000000000152e-01 -5.785190000000000055e-01 -1.560482999306725516e+00
1.110059999999999936e-01 -2.070780000000000065e+00 -3.480881540544997321e+00
-6.880770000000000497e-01 -2.785159999999999858e+00 -4.984544406934472427e+00
-1.522599999999999953e+00 1.126460000000000017e+00 2.746709395609725490e-01
7.172330000000000094e-01 6.857680000000000442e-01 5.618593385103383131e-01
-3.804919999999999969e-01 5.917299999999999782e-01 -1.204708914125235397e-01
1.007859999999999978e+00 -2.751299999999999926e-02 3.292150088357526094e-02
3.762070000000000136e-01 4.631449999999999734e-01 5.358231261123019840e-01
-1.778620000000000090e+00 3.366239999999999788e-01 -7.256501371156043323e-02
-6.696530000000000538e-01 9.383199999999999874e-02 -7.782745510879475193e-01
-4.789869999999999961e-01 1.150749999999999940e+00 5.692736832894833565e-01
-2.756990000000000274e-01 -8.115379999999999816e-01 -2.089876871252156487e+00
-1.855350000000000055e-01 1.618340000000000056e-01 -1.358212762023620068e-01
2.399350000000000094e+00 -5.602110000000000145e-01 -4.016142226129990611e-01
4.784749999999999837e-01 -3.806309999999999971e-01 -1.632194135413331360e+00
1.517480000000000044e-02 4.132370000000000210e-01 2.364144776854883445e-01
1.874300000000000077e+00 -1.747100000000000042e-01 -7.662909908922790336e-01
-3.475099999999999717e-02 1.651489999999999903e-01 -2.072276376324649338e-01
4.405180000000000207e-01 6.198200000000000376e-01 5.818267459031544186e-01
1.411559999999999926e+00 -1.523200000000000109e-01 -2.506304562472004838e-01
2.043559999999999821e+00 7.998420000000000529e-01 1.173949895682720346e+00
1.963470000000000049e+00 6.522550000000000292e-01 1.251266720253147335e+00
6.371400000000000396e-01 2.497600000000000098e-01 -2.445354575933398333e-01
1.898870000000000002e-01 -4.176739999999999897e-01 -1.591949754338017664e+00
-1.369299999999999962e+00 2.621160000000000156e-01 -5.336437625770582560e-01
-1.667939999999999978e+00 1.342580000000000107e+00 1.056554568974549024e+00
7.477979999999999350e-02 6.221849999999999881e-01 -2.841115091517349978e-01
-2.927589999999999915e-01 -4.739510000000000112e-01 -1.589047250804525024e+00
2.309670000000000056e-01 -2.552079999999999904e-01 -1.326199214631547774e+00
