3.736689839027437898e+00 9.268137093558976858e-01 3.646274851366371195e+01
-2.811283210867003834e+00 4.328703769536264900e+00 5.434582528528597578e+01
-3.466001560311804397e+00 2.841061802501684497e+00 3.089683909174650367e+01
1.637024933210403432e+00 -4.772742818110210727e+00 2.526986305383831777e+01
-3.002343812511717225e+00 4.505736597764421703e+00 5.783119355614358881e+01
-1.389151252659979185e+00 3.635929105081759261e+00 4.393688375084767017e+01
2.406022458029651645e+00 -4.665654499009552758e+00 2.499974450419846761e+01
3.864227130270021959e+00 -8.227593535954680348e-01 2.199622113688884184e+01
-2.969570189760404322e+00 2.127109079294987382e+00 2.128319433004707406e+01
2.082336248440618931e+00 4.966042579436726001e+00 9.806193678390626189e+01
-1.905632256282574488e-01 3.773604377111029251e+00 5.138221318602004573e+01
-9.853110651340815096e-01 4.600311326905803355e+00 6.490958159131254490e+01
1.306902704550480188e+00 4.642350390447365527e+00 8.188103851605774253e+01
-2.868799244946611537e+00 4.252591453078647277e+00 5.306180894541697768e+01
-1.868745684543520191e+00 3.482459931585331958e+00 4.040781540609866340e+01
-7.342934328368659891e-01 -3.442080856118984400e+00 1.310383669349227986e+01
2.220207777670050397e+00 -3.312539791401329925e+00 1.257642103791521748e+01
2.607165038841682048e+00 4.774432016329054562e+00 9.894695987476637811e+01
-2.615706541459841272e+00 -3.411275856920927829e+00 2.188678426278081446e+01
4.871953944411407278e+00 -6.186382179461435982e-01 3.321587538672892492e+01
2.361852557319372714e+00 -3.920536745987215355e+00 1.728546749161804286e+01
-3.454461970810669413e-01 2.482918922976019793e+00 2.840430746854957178e+01
1.966868894436233361e+00 2.112627050994850819e-01 1.465021640838539696e+01
2.541371704369694839e+00 -3.517617811711883924e+00 1.496976994811431538e+01
2.134487730671845718e+00 3.869940711778987463e-01 1.716668466620235378e+01
4.982460569931992822e+00 5.440696625054677327e-01 4.599051302418428833e+01
-2.771226869261780301e+00 6.876771620611936697e-01 9.976442688375277257e+00
4.193563930193258571e+00 -2.986888046857902879e-01 2.859863553257796553e+01
2.445132500170299039e+00 3.010120818077163918e+00 5.679419373388626724e+01
-4.646881519030097607e+00 4.834579723911030413e+00 6.607646803554891335e+01
-1.474769735490746303e+00 2.632043438687091452e+00 2.785664133671101794e+01
4.169022306873067407e+00 3.872627736311773816e+00 9.636151000845326564e+01
2.056286601092054411e-01 2.585273519749438975e+00 3.247800601040624002e+01
3.849947052995158714e+00 3.131100749315573140e+00 7.485330048868004837e+01
-2.048494441145725098e+00 -4.589136993868201841e+00 3.396900341644409593e+01
-3.385620622112645250e+00 -9.390470939762805003e-01 1.038222447768547241e+01
2.762761348635631720e+00 -4.573683116689356787e+00 2.484837457302883479e+01
-1.591417676764153910e+00 3.797327051055694014e+00 4.631660540763675726e+01
4.362626565155718339e-01 5.597999831807767279e-01 1.018514269376407810e+01
-1.929650588451737647e+00 -4.335722973622020859e+00 2.961032465431123484e+01
1.717562748939149841e-01 -4.874905052622757751e-01 3.734144067402873635e+00
-1.643313466266013378e+00 3.856325024283080438e-01 6.445207963754121749e+00
6.813950250141145304e-01 -1.475488276943810462e-01 6.232157248363528801e+00
-3.898474492240401545e+00 4.923097702177846813e+00 6.651633934189904096e+01
-1.885123821529237631e+00 -2.854597078859200998e+00 1.239808052045129116e+01
4.542595558404908473e+00 4.195136291159601072e+00 1.101684185852464992e+02
-1.407897291305593157e-01 3.525488041096874525e+00 4.692963006274128190e+01
1.122925568769108651e+00 1.299306365132908425e+00 2.030713172135136801e+01
-1.124084653735961670e+00 1.478213187302277021e+00 1.457283964566691381e+01
-1.558986308924233732e+00 -2.806822767960520437e+00 1.062654764343559144e+01
-2.713406813734218215e+00 -4.315008416182423368e+00 3.442016010423100880e+01
4.683181207051054784e+00 4.243176223355591858e+00 1.136143545740143992e+02
5.466715528302028559e-01 -3.578373046307482319e+00 1.253627722653543408e+01
6.878636735688985482e-01 2.284727894742778709e+00 3.037527610932621158e+01
5.349786905955404848e-01 2.464130860137272450e+00 3.231488003661803532e+01
-3.969813269342931328e+00 -2.021413649386545330e-01 1.304653513923948793e+01
4.926416805680124966e+00 1.813957313664412929e+00 6.390132333672078602e+01
-4.222264410205624152e+00 4.407602146433331924e+00 5.715737280484801630e+01
1.904194998975894393e-01 -9.066881487562206132e-01 2.427430273718317988e+00
2.613707870722627113e+00 1.434173814484138276e+00 3.258896379976696522e+01
-1.387796991042283601e+00 2.217086707414010149e+00 2.213256265787871868e+01
2.081801189934963325e+00 3.567829542956864941e+00 6.457261791989566291e+01
-3.841434498474156634e+00 -5.047153645967394908e-01 1.243301386331125613e+01
-3.459759627563663287e-01 1.276337288984286111e+00 1.408243094855173183e+01
3.580328415523281294e+00 6.454547767724019280e-01 3.170089854155146014e+01
-1.078246588902777248e+00 -2.511538645738981224e+00 6.908362837675131374e+00
-2.606738216345382497e+00 -4.309383658117713622e-01 6.328214512023551563e+00
1.174152233222351960e+00 -4.903026510091025081e+00 2.657287849789167922e+01
4.945639755930105963e+00 -1.597876207948768723e+00 2.903806308238355172e+01
3.756420576750233664e+00 -1.070301991567331967e+00 1.964408525599176514e+01
1.131739288285321443e+00 -4.106363661701227130e+00 1.752528361788805711e+01
2.594017582756674933e+00 -3.657986027665732998e+00 1.599535977678003107e+01
-4.629668785812342868e+00 -2.504711766227651903e+00 2.895900254904086424e+01
3.905634144069793479e+00 -2.043229549925907662e+00 1.858919619645109833e+01
-4.827902699077152526e+00 7.319434015251680137e-01 2.033675187066075907e+01
2.935689083459668502e+00 1.971654436882416483e+00 4.327147385211452502e+01
-7.942002349868202415e-01 -4.731510344216410147e+00 2.919800050543159387e+01
4.470323718498201870e+00 -1.720125798410996332e+00 2.357245918767659631e+01
-1.710243788482488370e+00 2.587044559527166498e+00 2.679999424445604816e+01
3.841161783620139047e+00 -1.126446214689678982e+00 2.047313722016512827e+01
4.183687558978803622e+00 -4.703595761002134168e+00 3.209269057625086674e+01
3.942397083559614046e+00 2.804275054731457217e+00 6.926185018983616715e+01
-3.655481043711770184e+00 3.549981817394179728e+00 4.121556936307668195e+01
-1.440487195621960037e+00 -2.175198916078450395e+00 6.131726717799771187e+00
-3.233955229252458707e+00 2.323919204814147932e+00 2.435297852073107805e+01
-1.224884940832619229e+00 2.407861718031929499e+00 2.488015493555560909e+01
-1.085215950058588064e+00 -3.537893663633488117e+00 1.568294054036094209e+01
-1.951384544264200827e-02 -2.841260938232705868e+00 7.188668781423804610e+00
4.559705323827145662e-01 -4.465692827438349610e+00 2.174583309628117433e+01
3.122699875576929074e+00 -1.684041510586116175e-01 1.983986557840663423e+01
1.717066354493923086e+00 3.907257695575964362e+00 6.832854120640718065e+01
-3.297980060100231814e+00 -3.574406741242937890e+00 2.898515632852594948e+01
2.620586054629633566e+00 4.772414628194468378e+00 9.936625797283295469e+01
-4.428156460048363385e+00 -4.896666774162795832e+00 6.135984314042304533e+01
3.450821736284549246e+00 -2.718424124117563068e+00 1.601732613707245889e+01
1.228150701807071421e+00 3.949900494283172137e+00 6.478637413821758173e+01
-3.813918328568814964e+00 -3.310358762833778279e+00 3.011607926506626853e+01
1.828220345543206449e+00 -4.162327054451917974e+00 1.842998045691807363e+01
4.007490908782855854e+00 4.974408552521820681e+00 1.238161645011716843e+02
-9.823695883257288486e-01 -1.823163529923921278e+00 3.766191531103844969e+00
